12817644328
12094378013
17124720928
31106690457
74959088900
74959088756
22963076940
22969354404
22969266865
22969445892
12104464553
14348791099
16024180756
74993940714
74993940638
74993910045
74993911947
79661331104
85264241258
85230061425
82264339630
81345776144
85230147866
85258060664
85263101074
85281701041
14384483766
82264339620
85281934009
18884559422
16177787138
16177787125
16178614758
16178610410
16177787314
15095870585
15055883512
22969459778
17736575189
19042569892
13212704283
22996051912
22969532408
13159081213
15154540109
16692252326
13212704697
44116326165
17054151787
19794325141
85230085897
13232507117
74993915300
74993913385
31106690422
74952971040
17064451717
12313899116
22969262158
12029919230
22960306398
16503938027
15026790026
17062568228
17062568228
14084930393
19102188007
14084930393
15408099200
15408099200
18325145012
18325145025
15127453558
17185936887
17185936887
12766445848
19176753893
19176753893
15175297916
18178982347
14342025376
18178982347
19712480017
14356335454
14692622573
12103991921
14356335454
12103991921
12816669592
18325145025
16032639839
16032639839
12626726457
14798315559
14798315559
18325145025
18605179133
18325145025
18605179133
12766445848
12766445848
15127619971
15127619971
17788059948
17788059948
15093034881
15093034881
12673049638
14197227373
14197227373
16154366071